45 45
55 (((55)))
49 (((49)))
33150 (65 * 30) * 17 - 32 / 73
12198 (12 * 11 * 68) + (86 + 56 * 56)
67 (67)
84 (61 + 34) + ((38) - (49))
113608 37 * 32 * 96 - (56)
2 (((60 / 29)))
145 ((0) + 37 + 85) + 23
98 (98)
78 ((78))
-57 73 * 11 / (94 / 85 + 17 - 32)
62 62
65 65
136 (((80)) + 57 - 82 / 80)
1 (((82))) / 68
4 (73 / (15))
-32 55 - (78 - 35) - 44
10 10
31824 ((24) * 51 * (26))
-78 (10) + (53) / 83 + 3 - (91)
60 28 / 34 + 60
99 99
81 (81)
-5670 (70 - 76) - 59 * (96 + 54 / 83)
74 74
95 95
-28 16 / 42 / 65 - ((45)) + (17)
30 (38 - (8))
43 43
143 48 - 29 + 74 + (64) * 9 * 8 / 92
-14362 (16 + 61 / 17) * 14 - 53 * 4 * (69)
9 9
3 3
22 (22)
22 22
27 (27)
46 ((46))
70 ((15 / 96)) / 73 + (97) - (27)
81 9 * (12 * 64 / 79)
9 9
98 98
72 72
7 7
23 ((23))
61 61
-849 (90 - 9 - 92 * (67) / 99 * 15)
82 (67) + 15
80 80
100 (((5))) + 95
24 24
2 68 / (30)
28 28
44 44 - (16 / (41))
38 (17 - 32 + (53))
1666 (((98 * 17)))
2 85 / 29
-9312 (13 / 18 / 80 + 96) - (28) * 56 * 6
57 (((38) + (19)))
92 ((((92))))
19464 68 / 25 * 98 * 99 + (70) - 10
55 (((55) + 75 / 77))
34 (((34)))
50 50
43 43
4 4
18 18
-145530 ((39 - 72)) * ((63) * 70)
11 47 * 80 / 16 / (21)
1296 24 * (54)
7 7
3293 ((15 + 74) * (37))
0 (84) / (86 + 64) / (46)
76 76
-68 47 - 63 - 53 / (63) - ((52))
91 ((91))
245 (16 * (16)) - (((11)))
121 (96) + 87 + ((17) - 98 + 19)
-58 ((35) - 3 * (31 / 1))
46 (46)
1194 (58 + 16 * 71 + 19 / 53)
50 50
73 73
4256 76 * 56
1 (83 + 7 / (17)) / 83
3229440 (((24))) * ((29)) * (58 * 80)
43 ((84 - 41))
73 (53) + (20)
44 44
37 (((37)))
40 40
28 28
7 ((((7))))
67 67
98 ((98) - 58 / ((76)))
2090 (38 * (55))
-3444 36 + 60 * (33) - 91 * (60)
48 48
925 ((42 - 47 + 93 * 10))
